INFO:root:Classification of file /home/anhvu/Desktop/shuffle2/basidiomycota/test/shuff_aggreg_acceptor_site_test.csv with model amodel-basi.hd5
INFO:root:Performance metrics:
 -TP: 177600
 -FP: 30751
 -TN: 266655
 -FN: 24962
Accuracy: 0.8885668682795699
Precision: 0.852407715825698
Recall: 0.8767685943069282
Adjusted precision: 0.38587066352416327
Adj. precision calculated with imbalance ratio: 0.022
