INFO:root:Classification of file ../data/ascomycota/test/shuff_aggreg_acceptor_site_test.csv with model ../pipeline/bestmodels/ascomycota/acceptor-model-C-1-d-30-win-70.hd5
INFO:root:Performance metrics:
 -TP: 163923
 -FP: 12083
 -TN: 289461
 -FN: 34483
Accuracy: 0.9068586858685869
Precision: 0.9313489312864334
Recall: 0.8261998125056702
Adjusted precision: 0.1542972027474937
Adj. precision calculated with imbalance ratio: 0.003
