INFO:root:Classification of file ../data/ascomycota/test/shuff_aggreg_donor_site_test.csv with model ../pipeline/bestmodels/ascomycota/donor-model-C-10-d-25-70.hd5
INFO:root:Performance metrics:
 -TP: 182557
 -FP: 13874
 -TN: 260753
 -FN: 28323
Accuracy: 0.9130867320141625
Precision: 0.9293696005213027
Recall: 0.8656913884673748
Adjusted precision: 0.183251394171338
Adj. precision calculated with imbalance ratio: 0.003
