INFO:root:Classification of file /home/anhvu/Desktop/shuffle2/basidiomycota/test/shuff_aggreg_donor_site_test.csv with model dmodel-basi.hd5
INFO:root:Performance metrics:
 -TP: 195744
 -FP: 21174
 -TN: 264570
 -FN: 18480
Accuracy: 0.9206869239631337
Precision: 0.9023870771443587
Recall: 0.9137351557248488
Adjusted precision: 0.5430223741798672
Adj. precision calculated with imbalance ratio: 0.022
